2.2195627795931046 0.6161681317769989
2.832180796546595 0.6128484820212992
3.4447988135000287 0.6134868762050876
4.057416830453462 0.6163596500321356
4.78141994139844 0.6203176939716237
5.505423052343417 0.620190015134866
6.118041069296851 0.6177002778180911
6.786351633246056 0.6241480590743542
7.454662197195262 0.6343623660149689
7.5660472911868055 0.6439382787717951
8.122972761144524 0.65083293595671
8.835837362690313 0.6564252690066965
9.236823701059848 0.666154396367632
9.860580227412413 0.6699847614703625
10.395228678571812 0.6599492049012086
11.018985204924434 0.6509286950842783
11.68729576887364 0.6513436513037407
12.355606332822845 0.6527481185080752
13.02391689677205 0.65083293595671
13.692227460721256 0.6501945417729216
14.360538024670461 0.6542802645491674
14.583308212653549 0.6643668926530244
14.806078400636636 0.6735597688995776
15.177362047275096 0.6835187181666769
15.69715915256893 0.6887535504737419
16.365469716518135 0.6891365869840149
17.03378028046734 0.6902856965148341
17.702090844416546 0.6961589230056875
18.37040140836575 0.6967973171894759
19.038711972314957 0.684731667115875
19.038711972314957 0.6753472726141851
19.707022536264162 0.6703677979806355
20.330779062616784 0.6742747703854206
20.865427513776126 0.6802501399456802
21.444630002532108 0.6788712085086972
22.157494604077954 0.6756026302877005
22.8703592056238 0.6784115646963695
23.438423184980593 0.6982337041029999
23.761439957556092 0.7081351978935582
24.340642446312017 0.7105100242572511
25.053507047857863 0.7109696680695787
25.72181761180707 0.7105866315593057
26.390128175756274 0.7155661061928553
27.058438739705537 0.7223330845410125
27.726749303654742 0.7243759459291356
28.350505830007307 0.721158439242842
28.840600243570066 0.7284616687053813
28.95198533756161 0.7377822237886923
29.063370431553153 0.7465920635249724
29.564603354515043 0.749369078224452
30.177221371468477 0.748762603749853
30.845531935417682 0.7442938444633341
31.513842499366945 0.7437831291163034
32.18215306331615 0.741101873544392
32.895017664861996 0.726827379594883
32.9618487212569 0.7135232448047325
33.51877419121456 0.7126294929474287
34.18708475516377 0.7137786024782479
34.85539531911297 0.7170982522339475
35.52370588306218 0.7213116538469512
36.19201644701138 0.7237375517453472
36.860327010960646 0.7251420189496817
37.52863757490985 0.7303768512567466
38.19694813885906 0.7293554205626852
38.86525870280826 0.7265464861540161
39.422184172765924 0.7176940868054835
39.923417095727814 0.7139382010241949
40.64742020667285 0.714544675498794
41.315730770622054 0.7199071866426167
41.98404133457126 0.7252696977864393
42.652351898520465 0.7327069900275744
43.32066246246967 0.7428893772589996
43.76620283843579 0.7500393921174299
44.434513402384994 0.7533590418731296
45.06569560167037 0.762871115211577
45.102823966334256 0.7795332034084548
45.548364342300374 0.7743622105197685
45.77113453028346 0.7848957145522775
46.21667490624958 0.7735961374992224
46.82929292320301 0.7667014803143075
47.55329603414799 0.7616581662623791
48.221606598097196 0.7568063704655871
48.88991716204646 0.7501032315358087
49.60278176359225 0.7593088756660378
50.07802483128944 0.7749367652851782
50.49386251552454 0.7861214313851512
50.560693571919444 0.7979189559015611
51.07306500428052 0.7957739514440321
51.173311588872934 0.7864278605933697
51.74137556822973 0.7868875044056973
51.89731469981791 0.7749367652851782
52.231469981792486 0.7691912176310823
52.84408799874592 0.7644990203802375
53.17824328072055 0.770148808906765
53.790861297673985 0.7749367652851782
54.45917186162319 0.7771073055100587
55.127482425572396 0.77978856108197
55.7957929895216 0.7820867801436084
56.46410355347086 0.7680421081002632
56.50865759106745 0.7768519478365434
57.0767215704243 0.7724470279684033
57.3551843054031 0.7785117727143933
58.02349486935236 0.7800439187554855
58.74749798029734 0.7793416851533181
59.36011599725077 0.7806057056372192
59.47150109124232 0.7898751891858271
60.02842656119998 0.7933225177782846
60.652183087552544 0.7872705409159704
60.91950731313227 0.7795332034084548
60.91950731313227 0.7711064001824477
61.1422775011153 0.7591684289456042
61.36504768909839 0.7871939336139158
61.36504768909839 0.7787671303879087
61.36504768909839 0.7703403271619016
61.81058806506451 0.7587215530169523
62.033358253047595 0.7879600066344619
62.033358253047595 0.7713362220886115
62.20043589403491 0.7816399042149564
62.64597627000103 0.7671802759521489
62.7016688169968 0.7892367950020387
62.92443900497989 0.7751282835403146
63.369979380946006 0.7917903717371924
63.369979380946006 0.7833635685111853
63.592749568929094 0.7719363126213725
63.9825973978995 0.7860448240830966
64.21650609528172 0.7722555097132668
64.9293706968275 0.7677867504267479
65.59768126077671 0.7647862977629423
66.08777567433953 0.7707233636721746
66.65583965369632 0.7724470279684033
66.93430238867518 0.7786394515511509
67.15707257665821 0.7622965604461674
67.3798427646413 0.76884922074691
67.7696905936117 0.7583704362158687
67.97389659926284 0.748762603749853
68.00359929099392 0.7695851980416488
68.0481533285905 0.7879600066344619
68.49369370455668 0.7905135833696154
68.53824774215326 0.7798396326166731
68.60507879854816 0.8002171749631994
68.7164638925397 0.8086439781892065
69.16200426850588 0.8091546935362373
69.16200426850588 0.7981104741566976
69.77462228545932 0.8061542408724317
69.83031483245509 0.7960995324777641
70.22016266142543 0.7860448240830966
70.45407135880765 0.8029750378371654
70.55431794340006 0.7907370213339414
70.94416577237041 0.8206457888444287
70.94416577237041 0.8122189856184217
71.1669359603535 0.8040475400659299
71.1669359603535 0.7925564447577385
71.5567837893239 0.8151555988638484
71.79069248670612 0.8011364625878548
71.8352465243027 0.7916626929004346
72.50355708825191 0.79191805057395
72.50355708825191 0.7749367652851782
72.61494218224345 0.7833635685111853
72.94909746421808 0.7712340790192054
72.94909746421808 0.7603813778948022
73.1161751052054 0.7883430431447349
73.17186765220112 0.820135073497398
73.22756019919689 0.7770620859220403
73.3946378401842 0.8060904014540529
73.45033038717997 0.7961952916053323
73.61740802816729 0.8239654386001285
73.61740802816729 0.8155386353741214
74.00725585713764 0.8051008904691808
74.06294840413341 0.7956207368399228
74.24116455451986 0.8227397217672547
74.2857185921165 0.8119636279449063
74.61987387409113 0.8022281166421329
74.89833660906993 0.816113190139531
74.9540291560657 0.806856474474599
74.9540291560657 0.7935778754517998
75.06541425005724 0.7845126780420044
75.44412356962846 0.7987616362241619
75.57778568241827 0.8140064893330292
76.01218754898531 0.8022281166421329
76.24609624636753 0.8094100512097526
76.73619065993029 0.8023238757697011
76.9032683009176 0.8082609416789335
77.12603848890063 0.7921734082474654
77.29311612988795 0.7848957145522775
77.40450122387949 0.8017493210042916
77.62727141186258 0.8104314819038141
77.81821728727664 0.7838013245229258
78.01711924083293 0.7965783281156054
78.29558197581179 0.812474343291937
78.29558197581179 0.8040475400659299
78.46265961679904 0.823773920344992
78.96389253976099 0.8153471171189849
78.96389253976099 0.8090270146994796
79.6322031037102 0.812474343291937
80.22625693833174 0.8092185329546161
80.57897640263826 0.8170707814152136
81.1915944195917 0.8211565041914595
81.1915944195917 0.8133680951492408
81.80421243654513 0.8194647596044201
82.08267517152399 0.8076225474951451
82.70643169787655 0.804813613086476
83.12226938211165 0.784257320368489
83.19652611143931 0.7944716273091037
83.4192962994224 0.822944007906067
83.4192962994224 0.81451720468006
83.47498884641817 0.8051966495967491
83.64206648740549 0.8339243878672278
84.04305282577496 0.8304004519727157
84.14329941036738 0.8208053873903758
84.75591742732081 0.8240133181639127
85.37967395367343 0.8120146994796094
85.6469981792531 0.8040475400659299
85.6469981792531 0.7960037733501959
86.03684600822345 0.7973444011361515
86.09253855521922 0.8071118321481143
86.27075470560567 0.7878833993324073
86.70515657217271 0.8023238757697011
86.98361930715151 0.8109421972508448
87.2063894951346 0.8231993655795824
87.59623732410495 0.8212841830282172
87.93039260607958 0.8298067453817924
88.48731807603724 0.8286576358509733
88.54301062303301 0.8385208259905044
88.7657808110161 0.8228163290693093
89.25587522457886 0.8045837911803122
89.9353242979272 0.7945673864366719
90.49224976788491 0.7942801090539671
91.10486778483835 0.8009832479837455
91.58753652546835 0.8133680951492408
91.66179325479601 0.8254975846412207
91.81030671345138 0.8313708111320741
91.94025598977487 0.840914804179711
92.49718145973253 0.83986145377646
93.22118457067751 0.8355522930358883
93.22118457067751 0.8228163290693093
93.62217090904704 0.8207041563126608
93.77811004063517 0.8094100512097526
93.77811004063517 0.8027069122799741
94.00088022861826 0.7944716273091037
94.29048147299625 0.8007534260775817
95.0033460745421 0.8026430728615954
95.62710260089466 0.7993744946405987
96.29541316484386 0.7935523396844484
96.48848066109588 0.7828528531641545
97.00827776638971 0.7720001520397515
97.62089578334314 0.7697657723964919
97.85480448072536 0.7589258391557647
98.34489889428812 0.765131030622188
98.62336162926698 0.7728300644786763
98.7904392702543 0.7846403568787621
99.40305728720773 0.7863321014658013
99.79290511617808 0.796386809860469
100.34983058613574 0.8178368544357597
100.34983058613574 0.8094100512097526
100.34983058613574 0.802004678677807
100.97358711248836 0.8159982791864491
101.018141150085 0.8043028977394453
101.46368152605112 0.7942162696355883
101.64189767643757 0.8043539692741484
102.13199209000032 0.7946631455642401
102.35476227798341 0.8057839722458344
102.74461010695376 0.7944716273091037
102.80030265394953 0.7726385462235399
102.97851880433598 0.7821378516783114
103.2458430299157 0.7703403271619016
103.73593744347846 0.775166587191342
104.35969396983103 0.7745537287749051
104.98345049618365 0.7711064001824477
105.47354490974641 0.7649778160180788
105.69631509772944 0.7790224880614239
105.75200764472521 0.7697657723964919
106.3646256616787 0.7813047472684675
106.3646256616787 0.7695742541413555
106.97724367863214 0.7677548307175583
107.1443213196194 0.7607644144050753
107.65669275198047 0.7626029896543859
108.36955735352632 0.7513800199033855
108.98217537047975 0.7520503337963633
109.14925301146707 0.7454429539941533
109.65048593442896 0.7499436329898617
109.92894866940782 0.7427616984222419
110.64181327095366 0.7390845479236207
111.20987725031046 0.7389313333195114
111.48833998528931 0.7479965307293069
111.48833998528931 0.7649778160180788
111.48833998528931 0.7565510127920717
111.93388036125543 0.768552823447294
111.97843439885207 0.7586194099475462
112.60219092520464 0.7638287064872596
113.27050148915384 0.7626157575380617
113.89425801550647 0.7621433458420583
113.93881205310305 0.7458259905044263
114.32865988207345 0.7509969833931125
114.42890646666586 0.7409997304749859
114.99697044602266 0.7408465158708767
115.05266299301843 0.7504224286277029
115.76552759456428 0.7540229718242696
115.83235865095918 0.7653608525283518
116.35745980834787 0.7575906833199557
117.05759468486605 0.7545719908223276
117.72590524881525 0.7544443119855699
118.34966177516787 0.7536399353139965
118.67267854774332 0.7634456699769866
119.24074252710017 0.7662801401530072
119.9981611662426 0.7753198017954512
120.62191769259522 0.7755113200505876
121.29022825654442 0.7753198017954512
121.73576863251054 0.7864278605933697
122.40407919645975 0.802004678677807
122.40407919645975 0.7909604592982673
123.01669721341318 0.7979189559015611
123.29515994839204 0.7871939336139158
123.96347051234125 0.7846403568787621
124.67633511388709 0.7823676735844753
125.225834910912 0.7780648967857413
125.44860509889509 0.7670206774062018
125.96840220418892 0.7780010573673626
125.96840220418892 0.7664461226407921
126.63671276813812 0.7762773930711337
127.24933078509156 0.7767561887089751
127.52779352007036 0.7846403568787621
127.97333389603654 0.7755113200505876
128.19610408401962 0.7847041962971408
128.56738773065808 0.7738131915217105
128.64164445998574 0.7651054948548366
128.80872210097306 0.7808738311944103
129.03149228895614 0.7549231076234113
129.1985699299434 0.7485072460763377
129.30995502393495 0.7687315738187547
129.47703266492226 0.7793416851533181
129.92257304088838 0.7714894366927207
130.20103577586724 0.781065349449547
130.69113018943 0.7704935417660107
130.86934633981645 0.7818314224700931
131.09211652779953 0.7917903717371924
131.25919416878685 0.7697657723964919
131.493102866169 0.7878067920303526
131.53765690376565 0.7767242689997856
131.93864324213519 0.7689482630445663
131.98319727973183 0.75884923185371
132.37304510870217 0.7608601735326435
133.15274076664292 0.75884923185371
133.6911020542687 0.7645947795078057
133.76535878359635 0.7841296415317314
133.76535878359635 0.7940885907988307
133.82105133059213 0.7739791740094955
134.21089915956253 0.7945993061458614
134.38911530994898 0.7835933904173491
134.82351717651596 0.7915988534820557
135.10197991149477 0.7816399042149564
135.2133650054863 0.7722555097132668
135.32475009947785 0.7626795969564405
135.71459792844826 0.7649778160180788
135.99306066342706 0.7538697572201604
136.43860103939323 0.7653608525283518
137.1626041503382 0.7636371882321231
137.730668129695 0.7613006655194575
137.83091471428742 0.7505181877552711
138.3989786936442 0.7590024464578192
138.44353273124085 0.7492733190968838
138.88907310720697 0.743144734932515
139.11184329519006 0.7503585892093241
139.78015385913926 0.7477411730557916
140.33707932909698 0.7596153048742561
140.40391038549188 0.7483540314722285
140.849450761458 0.7547890448448157
141.283852628025 0.7463047861422676
141.4509302690123 0.735484004727054
141.56231536300385 0.7557849397715256
141.9335990096423 0.7384206179724807
142.23062592695305 0.7504862680460818
142.89893649090226 0.7465920635249724
143.56724705485146 0.7490818008417472
144.2801116563973 0.7475879584516824
144.5697129007753 0.7295469388178217
144.84817563575416 0.7432883736238673
145.01525327674142 0.7213116538469512
145.08208433313632 0.7323431053428149
145.57217874669914 0.7473581365455185
145.6278712936949 0.7396016472124893
146.1959352730517 0.7506522505338667
146.90879987459755 0.7490179614233684
147.57711043854675 0.7434000926060303
148.24542100249596 0.7408465158708767
148.91373156644516 0.7390590121562691
149.63773467739014 0.735867041237327
150.2503526943436 0.7313344425324293
150.84440652896515 0.7312706031140505
151.1859874838725 0.7385482968092384
151.63152785983866 0.7459025978064809
152.25528438619125 0.7474858153822762
152.97928749713623 0.7397931654676257
153.5362129670939 0.7306960483486409
153.81467570207272 0.7368884719313885
154.5386788130177 0.7370161507681462
155.10674279237452 0.7346413244044532
155.37406701795422 0.7116080622533671
155.5968372059373 0.7205455808264051
156.01055326933442 0.7144169966620362
156.71068814585266 0.7126933323658076
157.37899870980186 0.7173536099074629
157.37899870980186 0.7049847225965624
158.04730927375107 0.6920093608110629
158.04730927375107 0.6810928202682809
158.49284964971721 0.679432995390431
159.1166061760698 0.6693719030539256
159.65125462722918 0.6603322414114816
159.82947077761563 0.6711338710011816
160.49778134156486 0.6768794186552773
161.16609190551407 0.6763687033082466
161.83440246946327 0.6698570826336048
162.50271303341248 0.666154396367632
164.32942857487367 0.6733554827607653
164.90863106362963 0.6736619119689837
165.62149566517547 0.6628347466119322
165.88881989075517 0.6508176144962992
166.51257641710777 0.6458534613231603
167.23657952805274 0.6479601621296621
167.40365716904003 0.658876702672444
167.99771100366158 0.6664097540411473
168.47295407135877 0.6674567205025603
169.0187410319173 0.6599300530756949
169.63135904887076 0.6567061624475634
170.29966961281997 0.6610472428973246
171.0125342143658 0.6610217071299731
171.5805981937226 0.6604088487135362
171.90361496629808 0.6485347168950717
172.57192553024728 0.6376564800033171
173.19568205659988 0.6432998845880067
173.86399262054908 0.6489177534053447
174.53230318449832 0.6541525857124098
175.20061374844752 0.6551740164064712
175.72041085374136 0.645981140159918
176.0916945003798 0.6339793295046958
176.76000506432902 0.6240203802375965
177.42831562827823 0.6224882341965043
177.6510858162613 0.6125292849294051
178.09662619222743 0.6247864532581426
178.09662619222743 0.6131676791131935
178.72038271858003 0.6224882341965043
178.76493675617664 0.6122739272558897
179.21047713214278 0.6050600729790805
179.65601750810893 0.5973993427736195
180.32432807205814 0.5956756784773909
180.99263863600734 0.5941435324362987
181.66094919995658 0.5914622768643873
181.92827342553625 0.5802776107644142
182.59658398948548 0.5719274148404617
183.22034051583807 0.576268495290223
183.22034051583807 0.5684800862480043
183.55449579781268 0.5872488752513838
183.8329585327915 0.5739383565193953
184.06686723017373 0.5860231584185099
184.55696164373649 0.5728211666977655
185.26982624528233 0.5645731138432192
185.8935827716349 0.5674586555539428
186.56189333558413 0.5688631227582773
187.1856498619367 0.5643432919370555
187.82425773415486 0.5494559395711094
187.89851446348254 0.5669297003730895
187.9542070104783 0.5576593048327907
188.511132480436 0.5699164731615283
189.29082813837672 0.5683843271204361
189.85889211773355 0.5629643605000724
190.12621634331325 0.5550738083884476
190.3044324936997 0.5442721787987476
191.01729709524554 0.5372626106607508
191.1658105539009 0.5255799970974228
191.68560765919474 0.525069281750392
192.35391822314395 0.5241755298930881
192.7994585991101 0.5145996171362619
193.4232151254627 0.5029808429913128
193.85761699202968 0.4916812659382578
194.0915256894119 0.4997633363050191
194.13607972700854 0.5129397922584121
194.58162010297465 0.5080879964616201
194.58162010297465 0.5221326685049653
194.97146793194503 0.5272079022660832
195.39844412557926 0.535870911340092
195.87368719327645 0.5369944851035596
196.5865517948223 0.5314021520535731
197.2103083211749 0.5263460701179689
197.70040273473765 0.5185576610757502
197.92317292272074 0.5068112080940433
197.92317292272074 0.49608618580639785
198.36871329868686 0.5152380113200504
198.36871329868686 0.4904683169890598
198.5469294490733 0.502367984574876
198.99246982503945 0.5109480024049922
199.4380102010056 0.5183023034022348
199.4825642386022 0.527495179648788
199.972658652165 0.5264226774200235
200.54072263152182 0.5263460701179689
200.81918536650065 0.5146634565546409
201.0419555544837 0.49761833184749005
201.0419555544837 0.5027619649854425
201.48749593044985 0.4808604845230442
201.933036306416 0.46799684171970757
202.5567928327686 0.4639877262455163
203.04688724633135 0.4691459512505267
203.4924276222975 0.47795579098680696
204.1607381862467 0.48102008306899136
204.8290487501959 0.48165847725277966
205.49735931414514 0.4799986523749298
206.21022391569096 0.47264435137768723
206.83398044204355 0.45995307500397353
207.50229100599276 0.4588678048915332
208.11490902294622 0.45500552007961337
208.8389121338912 0.4563780675747584
209.5072226978404 0.46071914802451963
210.1755332617896 0.4618682575553388
210.84384382573882 0.4593146808201851
211.28938420170496 0.4731039951900149
211.3339382393016 0.4623789729023695
211.77947861526772 0.4705759542222129
212.4032351416203 0.4700397031078305
213.01585315857378 0.4684117979391701
213.2943158935526 0.47718971796626086
213.68416372252298 0.4917770250658261
213.9626264575018 0.5032362006648282
214.63093702145102 0.5088540694821662
215.24355503840448 0.5040341933945637
215.5220177733833 0.49090607300080047
216.13463579033674 0.47872642396580867
216.26458506666023 0.4699120242710728
216.68042275089527 0.46107664876744114
216.85863890128172 0.48025401004844526
216.9143314482775 0.4700397031078305
217.52694946523096 0.4865102730495716
218.19526002918016 0.4889361709479676
218.75218549913782 0.48440357224306985
219.04178674351581 0.4683543424626291
219.08634078111245 0.45810173187098713
219.19772587510397 0.450504841083905
219.3091109690955 0.44169500134762485
219.75465134506166 0.45088787759417803
219.75465134506166 0.44258875320492863
219.86603643905318 0.431161497315116
220.37840787141425 0.44797680011610286
220.91305632257362 0.45173055791677874
221.53681284892622 0.45088787759417803
222.1605693752788 0.4469042978873383
222.6952178264382 0.449125909646922
223.27442031519416 0.449125909646922
223.98728491674 0.44475929342980924
224.3214401987146 0.43173605208052557
224.8226731216765 0.42522443140588373
225.54667623262148 0.4279056869777951
225.76944642060457 0.43939678228598655
225.99221660858763 0.4562503887380007
225.99221660858763 0.44782358551199364
226.17043275897407 0.43686874131818443
226.39320294695716 0.45165395061472413
226.8461689958561 0.4425249137865498
227.32883773648607 0.43393851201459555
227.55160792446912 0.42388380361992806
228.04170233803188 0.4195554910538426
228.66545886438448 0.4185851318944842
229.33376942833368 0.4307146213864641
229.33376942833368 0.41909584724151494
229.94638744528714 0.4218728619409945
230.1691576332702 0.4125842265668731
230.7260831032279 0.39917794870731627
230.89316074421518 0.4065322497045589
231.60602534576103 0.4128140484730368
232.17408932511785 0.4143078908631018
232.50824460709245 0.42311773059938196
232.67532224807977 0.43633249020380216
233.12086262404588 0.43537489892811954
233.12086262404588 0.42545425331204745
233.78917318799512 0.43709856322434826
233.78917318799512 0.4259266650080509
234.34609865795278 0.4466744759811745
234.41292971434768 0.4352599879750376
234.56886884593587 0.4654432649845539
234.6059972105997 0.4548459215336662
234.68025393992738 0.47642364494571476
234.90302412791047 0.48995760164202906
235.3485645038766 0.49117055059122716
236.01687506782582 0.4915535871015002
236.68518563177503 0.49359644848962303
237.29780364872846 0.4931176528517818
237.62082042130393 0.4799986523749298
238.24457694765653 0.4647729510915761
238.42279309804297 0.4496110892266011
238.69011732362267 0.44092892832707875
238.95744154920234 0.42759925776957664
239.52550552855917 0.427522650467522
240.17525191017646 0.4339065923054062
240.24950863950417 0.4547182426969085
240.24950863950417 0.44629143947090144
240.58366392147877 0.46735844753591915
240.65049497787368 0.45494806460307236
241.08489684444066 0.46582630149482696
241.30766703242375 0.45663342524827377
241.52248114226455 0.44174972084909236
241.80889995538564 0.43403427114216386
242.03167014336873 0.4256074679161568
242.47721051933488 0.4169253070166342
243.0898285362883 0.40846658408143777
243.8138316472333 0.39810544647855184
244.3150645701952 0.38567591172019133
244.97223662474528 0.3807155889121553
245.5403006041021 0.3799303640660956
245.81876333908093 0.36164037070055743
246.1157902563917 0.37045021043683757
246.1306416022572 0.350532311902639
246.7098440910132 0.34338229704420875
247.37815465496243 0.34031800496202436
248.1021577659074 0.346510428544772
248.71477578286084 0.34788935998175496
248.82616087685238 0.3597251881491922
249.160316158827 0.38423952480666734
249.21600870582276 0.36822951066894505
249.60585653479313 0.3837288094596367
249.6615490817889 0.37428057553956806
249.8286267227762 0.401348488932197
249.8286267227762 0.3929216857061899
250.4523832491288 0.40124634586279084
250.4969372867254 0.3930493645429475
251.10955530367886 0.3992737078348846
251.23950458000232 0.38747405533786194
251.3880180386577 0.37811094064229855
251.83355841462384 0.38730381688885174
251.83355841462384 0.37562120332552373
252.50186897857304 0.3848140795720769
253.09592281319456 0.38423952480666734
253.39294973050534 0.38646113656625103
254.06126029445454 0.393240882798084
254.39541557642914 0.404157423340866
254.95234104638683 0.4064556424025043
255.39788142235295 0.4127757448220096
255.88797583591574 0.42009174216822476
256.4671783246717 0.41993852756411565
256.73450255025136 0.41373333609769225
257.18004292621754 0.40696635774953493
257.2542996555452 0.3949645470943127
257.6255833021837 0.3818774663266502
258.29389386613286 0.3795154078466332
258.9622044300821 0.3792600501731177
259.6305149940313 0.37198235647792977
259.6862075410271 0.3614488524454209
260.29882555798054 0.36861163518752693
260.4102106519721 0.38730381688885174
260.4102106519721 0.37887701366284465
260.5215957459636 0.4133502995874192
260.63298083995517 0.40195496340679593
260.96713612192974 0.41820209538421116
261.63544668587895 0.4225431758339724
262.30375724982815 0.424713716058853
262.97206781377736 0.42599050442642983
263.6403783777266 0.4267565774469759
264.30868894167577 0.42203246048694165
264.97699950562503 0.41593579603176223
265.42253988159115 0.4049234963614121
266.09085044554035 0.4033913503203199
266.714606971893 0.4025486699977191
267.2047013854557 0.40837082495386956
267.3829175358421 0.4242285364791738
267.42747157343877 0.43480034416270996
267.5759850320942 0.44080124949032107
268.095782137388 0.44616376063414376
268.65270760734563 0.46027227209586774
268.7640927013372 0.44887693591524447
269.20963307730335 0.45663342524827377
269.8222510942568 0.4551012792071816
270.54625420520176 0.4511751549768829
271.1031796751595 0.4436101838989901
271.3927809195375 0.43234891049696245
271.43733495713406 0.42062799328260714
271.6601051451171 0.4148824456285114
271.6601051451171 0.4064556424025043
271.6601051451171 0.39841187568677017
272.10564552108326 0.43173605208052557
272.10564552108326 0.4233092488545185
272.10564552108326 0.4148824456285114
272.10564552108326 0.4064556424025043
272.10564552108326 0.3949007076759339
272.77395608503247 0.43352355579513313
273.4422666489817 0.4374815997346213
274.11057721293093 0.43352355579513313
274.7788877768801 0.424713716058853
275.00165796486317 0.41210543092903174
275.44719834082935 0.4026252772997738
275.6699685288124 0.3944538317472821
276.004123810787 0.38040915970393685
276.56104928074467 0.37396137844767385
277.2293598446939 0.3783024588974351
277.8976704086431 0.38883596292994393
277.8976704086431 0.38194130574502905
278.56598097259234 0.39036810897103613
278.62167351958806 0.3824201013828704
278.64023770192 0.4079877884435965
278.6773660665839 0.3980288391764971
278.9001362545669 0.41909584724151494
279.01152134855846 0.4293101541821296
279.4570617245246 0.4422695561130344
280.18106483546956 0.4426525926233075
280.7491288148264 0.4406991064209149
281.23922322838916 0.4328851616113447
281.4063008693765 0.43949254141355476
281.74045615135105 0.44552536645035534
282.3085201307079 0.44399322040926315
282.754060506674 0.43694534862023904
282.9099996382622 0.4280972052329316
283.39266837889215 0.4164145916696036
283.912465484186 0.3980288391764971
284.35800586015216 0.3943261529105243
285.02631642410137 0.38794221107264026
285.1377015180929 0.37811094064229855
285.6389344410548 0.377536385876889
285.91739717603366 0.38270737876557515
286.58570773998287 0.3851332766639711
287.3654033979236 0.3934324010532205
287.9223288678813 0.39241097035915906
288.5906394318305 0.38720805776128353
289.03617980779666 0.3784939771525716
289.25894999577974 0.3830904152758482
289.426027636767 0.39506030622188104
289.70449037174586 0.4035190291570775
290.150030747712 0.39209177326726485
290.37280093569507 0.39809267859487607
291.0411114996443 0.38289889702071167
291.7094220635935 0.3806006779590734
292.3777326275427 0.3816859480715137
292.4891177215342 0.3926663280326744
292.6005028155258 0.404157423340866
293.09059722908853 0.4095965417867433
293.15742828548343 0.42139406630315324
293.6697997178445 0.41610816246138516
293.77004630243687 0.4049234963614121
294.3826643193903 0.4164145916696036
294.3826643193903 0.4079877884435965
294.3826643193903 0.3964966931354049
294.9952823363438 0.3980288391764971
295.0064208457429 0.4112052951298901
295.32943761831837 0.3899850724607631
295.9420556352718 0.38392032771477325
296.61036619922106 0.38008996261204275
297.2341227255736 0.37971969398544536
297.8727305977918 0.39164489733861296
297.9469873271195 0.4110520805257809
298.09550078577485 0.4003270582381354
298.43708174068223 0.41289065577509143
299.0162842294382 0.4141163726079653
299.72914883098406 0.41807441654745336
300.39745939493326 0.41852129247610537
301.06576995888247 0.4192235260782725
301.7340805228317 0.41928736549665147
302.35783704918424 0.42014281370292794
302.7365463687555 0.4314487746978207
303.2934718387132 0.4372900814794848
303.9617824026624 0.4367155267140752
304.6300929666116 0.4336512346318908
304.74147806060313 0.42311773059938196
304.8528631545947 0.4156485186490575
304.96424824858616 0.4072217154230504
304.96424824858616 0.3987949121970432
305.2984035305608 0.43428962881567923
305.2984035305608 0.42586282558967214
305.34295756815743 0.41541869674289367
305.40978862455233 0.4436101838989901
305.66968717719925 0.44999412573687425
306.1337917354973 0.4460999212157649
306.8577948464423 0.4427164320416863
307.5261054103915 0.4420780378578979
308.2501085213365 0.44322714738871705
308.80703399129413 0.4406416509443739
309.5310371022391 0.43646016904055984
310.1993476661884 0.43700280409677994
310.4778104011672 0.4459084029606284
311.0904284181206 0.4450146511033246
311.7587389820699 0.45318609665581633
312.4270495460191 0.4715718491489227
312.4270495460191 0.46190017726452826
313.0953601099683 0.47961561586465673
313.0953601099683 0.4732955134451514
313.7079781269217 0.47425310472083404
313.8379274032452 0.46288968824940024
314.06069759122823 0.4515809912794341
314.09782595589206 0.4382476727551674
314.61019738825314 0.427522650467522
314.6547514258498 0.43786463624489436
315.323061989799 0.43799231508165204
315.9913725537482 0.43709856322434826
316.6596831176974 0.43537489892811954
316.93814585267626 0.4383434318827356
317.5507638696297 0.4395883005411231
318.1745203959823 0.43640909750585677
318.441844621562 0.4279056869777951
318.8428309599315 0.4258372898223205
318.8873849975281 0.43633249020380216
319.50000301448154 0.43164029295295725
319.5556955614773 0.44169500134762485
320.2240061254265 0.4367155267140752
320.8923166893758 0.436396329622181
321.51607321572834 0.4367921340161298
321.783397441308 0.44846197969578205
322.4517080052573 0.4520369871249972
323.16457260680306 0.45326270395787094
323.5655589451726 0.4654432649845539
324.0110993211387 0.46901827241376903
324.6794098850879 0.4683798782299806
325.23633535504564 0.45711222088611514
325.7932608250033 0.45152627177796645
326.4615713889525 0.45107939584931456
327.08532791530513 0.45188377252088796
327.61997636646447 0.459927539236622
327.6868074228594 0.47118881263864965
327.94670597550635 0.4774450756397761
328.4665030808002 0.4812754407425066
329.13481364474933 0.4800752596769844
329.3575838327324 0.48868081327445234
329.7288674793709 0.4768066814559878
329.99407008411265 0.4816402374189571
330.6942049606308 0.471444170312165
331.3625155245801 0.4718016710550865
331.47390061857163 0.4811477619057489
331.5852857125631 0.49225582070366736
331.9751335415335 0.4893830468766195
332.2535962765123 0.4987674413783092
332.4763664644954 0.5180469457287193
332.4763664644954 0.5096201425027123
332.8662142934658 0.5002995874194015
333.10012299084804 0.519834449443327
333.1446770284446 0.5088540694821662
333.21893375777233 0.48791474025390624
333.534524857415 0.5016402152053572
333.8129875923938 0.4892553680398619
334.25852796836 0.4988951202150669
334.9268385323092 0.5018317334604937
335.5951490962584 0.5042576313588896
335.92930437823304 0.5133228287686852
336.0406894722246 0.5324746542823376
336.0963820192203 0.5204728436271154
336.4862298481907 0.5425612823861945
337.10998637454327 0.5488686169220242
337.8228509760891 0.5523925528165362
338.44660750244174 0.548332365807642
338.4911615400383 0.5313255447515185
338.84759384081127 0.5311467943800577
339.01095864533215 0.5216219531579346
339.3822422919706 0.5118545221459718
339.6050124799537 0.5232817780357845
340.2733230439029 0.5258353547709381
340.9416336078521 0.5268567854649996
341.6099441718013 0.5338152820682933
342.2782547357505 0.5384755596099488
342.9465652996997 0.5393693114672525
343.55918331665316 0.5382202019364334
343.7262609576405 0.5307509899861089
344.28318642759814 0.533559924394778
344.7287268035643 0.5403269027429352
345.1000104502028 0.547668435856502
345.6198075554966 0.54722155992785
346.2881181194458 0.5469023628359558
346.956428683395 0.5488175453873212
347.66929328494086 0.5458043248398398
348.29304981129343 0.5427208809321418
348.7385901872596 0.5263460701179689
348.90566782824686 0.5380286836812969
349.1841305632257 0.5305594717309724
349.1841305632257 0.5209835589741462
349.6296709391919 0.5405184209980717
350.2979815031411 0.5435827130802561
350.9662920670903 0.5576273851236013
350.9662920670903 0.5493282607343518
351.5900485934429 0.5539246988576284
352.08014300700563 0.5456175945410817
352.08014300700563 0.5340068003234298
352.5256833829718 0.5297167914083717
353.193993946921 0.5251969605871497
353.7880477815425 0.5235371357092998
354.02938215185753 0.5269206248833784
354.3635374338321 0.5356825850558744
354.5306150748194 0.5455489671663245
354.64200016881097 0.5543077353679015
354.8090778097983 0.562543020338772
355.1989256387686 0.5488175453873212
355.3771417891551 0.5621216801774718
356.0900063907009 0.558521136980905
356.80287099224677 0.5577550639603589
357.42662751859933 0.56761825409989
357.76078280057396 0.5781198384232094
358.98601883448083 0.5826524371281072
358.98601883448083 0.5690546410134139
